frames: 23
name: Nick
width: 60 height: 60 hit_width: 50 hit_height: 50 angles: 30 speed: 2 energy: 100 weight: 100
sound_death: man_die sound_hurt: none sound_ambient: none
blood_x: 0 blood_y: 0 run_add: 1.5
walk_step1: 4 walk_step2: 19 run_step1: 7 run_step1: 15
animations: 12
still_none 0 0 0 0 0 0 0 0 0 0 1 1 1 1 1 1 1 1 2 2 2 2 2 2 2 2 2 2 2 2 2 2 2 2 1 1 1 1 1 1 1 1 255 0 -1
still_gun 13 13 13 13 13 13 13 13 13 13 13 13 13 13 14 14 14 14 14 14 14 14 15 15 15 15 15 15 15 15 14 14 14 14 14 14 14 14 255 0 -1
still_rifle 18 18 18 18 18 18 18 18 18 18 18 18 18 18 19 19 19 19 19 19 19 19 20 20 20 20 20 20 20 20 19 19 19 19 19 19 19 19 255 0 -1
still_dart_rifle 18 18 18 18 18 18 18 18 18 18 18 18 18 18 19 19 19 19 19 19 19 19 20 20 20 20 20 20 20 20 19 19 19 19 19 19 19 19 255 0 -1
moving 0 0 3 3 4 4 5 5 6 6 5 5 4 4 3 3 0 0 7 7 8 8 9 9 10 10 9 9 8 8 7 7 255 0 -1
moving_gun 13 13 13 13 13 13 13 13 13 13 13 13 13 13 13 13 13 13 13 13 13 13 13 13 13 13 13 13 13 13 13 13 255 0 -1 
moving_rifle 18 18 18 18 18 18 18 18 18 18 18 18 18 18 18 18 18 18 18 18 18 18 18 18 18 18 18 18 18 18 18 18 255 0 -1 
moving_dart_rifle 18 18 18 18 18 18 18 18 18 18 18 18 18 18 18 18 18 18 18 18 18 18 18 18 18 18 18 18 18 18 18 18 255 0 -1 
running 0 3 4 5 6 11 11 6 5 4 3 0 7 8 9 10 12 12 10 9 8 7 255 0 -1
shoot_gun 16 17 17 17 17 16 16 16 16 13 255 0 -1
shoot_rifle 18 18 18 18 18 18 18 18 18 21 21 22 22 21 21 18 18 18 255 0 -1
dead 0 255 0 -1
